a0 =  0.2574634615384609
a1 =  -1.1868090046856914
a2 =  -0.4673364940126086
a3 =  -0.806663391728281
a4 =  0.017081303098450774

The least square fit equation of the given data is :

y =  0.2574634615384609  + -1.1868090046856914 x^1  + -0.4673364940126086 x^2  + -0.806663391728281 x^3  + 0.017081303098450774 x^4