a0 =  0.5746586674196172
a1 =  4.725861442141895
a2 =  -11.12821777764321
a3 =  7.66867762290942

The least square fit equation of the given data is : 

y =  0.5746586674196172  + 4.725861442141895 x^1  + -11.12821777764321 x^2  + 7.66867762290942 x^3 