                  Midpoint                  Trapezoid               Simpson

N = 10       3.6189788939398126       3.622608380359955       3.620248168090363

N = 20       3.6198800323016482       3.620793637149884       3.6201887227465277

N = 30       3.6200488124358796       3.6204553882819277       3.6201851786041623

Actual value of the integral = 3.620184280785752
